A=[1 (sqrt(2)-1)/(2-sqrt(2)) 0 0 0 0;
   1 -4 2 0 0 0;
   0 1 -4 1 1 0;
   0 0 (3-sqrt(8))/(sqrt(8)-2) 1 0 0;
   0 0 2 0 -4 2;
   0 0 0 0 (3-sqrt(5))/(sqrt(5)-2) 1]

b=[0 2 2 0 2 0]'

A\b


