A=[1        1      1       1       1
  -2        -1     0       1       2
  4/6       1/6    0       1/6     4/6
  -8/24     -1/24  0       1/24    8/24
  16/120    1/120  0       1/120   16/120]

b=[0 1 0 0 0]

% coefficients
c=A\b'

% 
test=[-32/720 -1/720 0 1/720 32/720]

error=c'*test'

error2=[1/12 -2/3 0 2/3 -1/12]*(test')


A_left=[1       1           1      1       1
        -3      -2          -1     0       1
        9/6     4/6         1/6    0       1/6
        -27/24  -8/24       -1/24  0       1/24
        81/120   16/120      1/120  0       1/120]
    
c_left=A_left\b'

A_right=[1           1      1       1       1
        -2          -1     0       1        3
        4/6         1/6    0       1/6      9/6
        -8/24       -1/24  0       1/24     27/24
        16/120      1/120  0       1/120    81/120]
    
c_right=A_right\b'